run_id,scenario,mode,seed,noise_std,risk_threshold,risk_threshold_low,cooldown_steps,reliability,delay_steps,risk_weights,risk_lookahead_steps,safe_speed_ratio,critical_sep_factor,trend_release_delta,violation_rate,collision_rate,near_miss_rate,intervention_rate,override_success_rate,mean_intervention_delay,operator_workload,mean_drift,p95_drift,mean_latency_ms,risk_mean,risk_p05,risk_p25,risk_p50,risk_p75,risk_p95,separation_risk_mean,congestion_risk_mean,speed_risk_mean,uncertainty_risk_mean,human_activation_count,cooldown_skips,suppressed_request_count,suppressed_critical_count,cooldown_release_count,critical_override_count,critical_trigger_rate,trigger_active_rate,confidence_mean,false_intervention_rate,repeated_intervention_rate,post_intervention_violation_rate,mean_drift_after_intervention,min_predicted_distance_mean
hitl_bottleneck_adaptive_hitl_noise0.1_thr0.4_low0.2_cool5_rel0.95_delay0_seed59,bottleneck,adaptive_hitl,59,0.1,0.4,0.2,5,0.95,0,"{""separation"": 0.3, ""congestion"": 0.4, ""speed"": 0.15, ""uncertainty"": 0.15}",5,0.8,1.0,0.15,0.06666666666666667,0.0,0.03333333333333333,0.7133333333333334,0.9065420560747663,0.0,0.7133333333333334,10.758786081923045,32.8111292893842,0.5164744813616077,0.7913073510048931,0.24599999999988809,0.4606053352989251,1.0,1.0,1.0,0.12776627135538676,0.04980631538591619,0.945019740262449,0.64,107,43,43,0,100,100,0.6666666666666666,1.0,0.9500000000000002,0.14018691588785046,0.9065420560747663,0.08064516129032258,13.558458250054866,3.6796913813261125
hitl_bottleneck_adaptive_hitl_noise0.1_thr0.4_low0.2_cool5_rel0.95_delay0_seed1059,bottleneck,adaptive_hitl,1059,0.1,0.4,0.2,5,0.95,0,"{""separation"": 0.3, ""congestion"": 0.4, ""speed"": 0.15, ""uncertainty"": 0.15}",5,0.8,1.0,0.15,0.05333333333333334,0.0,0.2733333333333333,0.8733333333333333,0.9389312977099237,0.0,0.8733333333333333,14.997102360586794,32.191672070733816,0.6064530687096218,0.9387066804271925,0.5732818394642233,1.0,1.0,1.0,1.0,0.17795546258426753,0.13733753285180705,0.979713640535211,0.6395059469916106,131,19,19,0,128,128,0.8533333333333334,1.0,0.9500000000000002,0.061068702290076333,0.9618320610687023,0.057971014492753624,16.186704318211714,6.41665043712685
hitl_bottleneck_adaptive_hitl_noise0.1_thr0.4_low0.2_cool5_rel0.95_delay0_seed2059,bottleneck,adaptive_hitl,2059,0.1,0.4,0.2,5,0.95,0,"{""separation"": 0.3, ""congestion"": 0.4, ""speed"": 0.15, ""uncertainty"": 0.15}",5,0.8,1.0,0.15,0.08,0.006666666666666667,0.20666666666666667,0.78,0.8974358974358975,0.0,0.78,6.019380781166092,21.970066692839698,0.509915294436117,0.8444879767737679,0.30025520739271305,1.0,1.0,1.0,1.0,0.4622211405993479,0.24276047142527507,0.591982289828018,0.6328107985847483,117,33,33,0,113,113,0.7533333333333333,1.0,0.9500000000000002,0.09401709401709402,0.9230769230769231,0.0916030534351145,6.7669157521418475,1.6939818492649175
hitl_bottleneck_adaptive_hitl_noise0.1_thr0.4_low0.2_cool5_rel0.95_delay0_seed3059,bottleneck,adaptive_hitl,3059,0.1,0.4,0.2,5,0.95,0,"{""separation"": 0.3, ""congestion"": 0.4, ""speed"": 0.15, ""uncertainty"": 0.15}",5,0.8,1.0,0.15,0.07333333333333333,0.0,0.16666666666666666,0.7933333333333333,0.907563025210084,0.0,0.7933333333333333,15.369889095922927,37.56529661063056,0.5404605623334646,0.8671571728837506,0.42640738457231786,1.0,1.0,1.0,1.0,0.2650051724279896,0.1746256880126862,0.790819865784949,0.6352058273710635,119,31,31,0,113,113,0.7533333333333333,1.0,0.9500000000000002,0.09243697478991597,0.9327731092436975,0.08396946564885496,17.433650838188033,2.5089296493762525
hitl_bottleneck_adaptive_hitl_noise0.1_thr0.4_low0.2_cool5_rel0.95_delay0_seed4059,bottleneck,adaptive_hitl,4059,0.1,0.4,0.2,5,0.95,0,"{""separation"": 0.3, ""congestion"": 0.4, ""speed"": 0.15, ""uncertainty"": 0.15}",5,0.8,1.0,0.15,0.1,0.0,0.30666666666666664,0.9133333333333333,0.8905109489051095,0.0,0.9133333333333333,10.562199637314441,29.692301064856903,0.6063119880855083,0.9597030136604475,0.6125667109606868,1.0,1.0,1.0,1.0,0.5593886593997333,0.3132237362831615,0.9647172415918068,0.6368372589625774,137,13,13,0,136,136,0.9066666666666666,1.0,0.9500000000000002,0.058394160583941604,0.9635036496350365,0.1048951048951049,10.96923126298898,1.4207267792836609
hitl_bottleneck_adaptive_hitl_noise0.1_thr0.4_low0.2_cool5_rel0.95_delay0_seed5059,bottleneck,adaptive_hitl,5059,0.1,0.4,0.2,5,0.95,0,"{""separation"": 0.3, ""congestion"": 0.4, ""speed"": 0.15, ""uncertainty"": 0.15}",5,0.8,1.0,0.15,0.06,0.013333333333333334,0.16666666666666666,0.8533333333333334,0.9296875,0.0,0.8533333333333334,11.43194989277755,37.46014739175954,0.5190444442753991,0.9092178116796368,0.3454934336643492,1.0,1.0,1.0,1.0,0.15025255229323572,0.08779397453852512,0.8761421951289636,0.6303359521773554,128,20,20,0,126,126,0.84,0.98,0.9500000000000002,0.0703125,0.9609375,0.05925925925925926,12.46848750312365,4.919389100349057
hitl_bottleneck_adaptive_hitl_noise0.1_thr0.4_low0.2_cool5_rel0.95_delay0_seed6059,bottleneck,adaptive_hitl,6059,0.1,0.4,0.2,5,0.95,0,"{""separation"": 0.3, ""congestion"": 0.4, ""speed"": 0.15, ""uncertainty"": 0.15}",5,0.8,1.0,0.15,0.04666666666666667,0.0,1.3533333333333333,0.8866666666666667,0.9473684210526315,0.0,0.8866666666666667,6.659215035030143,35.97797090459904,0.6499044775652388,0.9259759947731152,0.4191767835230164,1.0,1.0,1.0,1.0,0.7062721237948849,0.46394359065631186,0.626054001887344,0.6348081429327146,133,17,17,0,130,130,0.8666666666666667,1.0,0.9500000000000002,0.07518796992481203,0.9548872180451128,0.04964539007092199,7.2274484419732135,0.6892061575451491
hitl_bottleneck_adaptive_hitl_noise0.1_thr0.4_low0.2_cool5_rel0.95_delay0_seed7059,bottleneck,adaptive_hitl,7059,0.1,0.4,0.2,5,0.95,0,"{""separation"": 0.3, ""congestion"": 0.4, ""speed"": 0.15, ""uncertainty"": 0.15}",5,0.8,1.0,0.15,0.03333333333333333,0.0,0.02666666666666667,0.7466666666666667,0.9553571428571429,0.0,0.7466666666666667,12.563899739500458,27.23663794125461,0.4740869634163876,0.8105854847566569,0.24034651338345533,0.5082734720098805,1.0,1.0,1.0,0.02613158983870442,0.02243042832100467,0.9615114825955667,0.64,112,10,10,0,111,111,0.74,0.7933333333333333,0.9500000000000002,0.05357142857142857,0.9732142857142857,0.043478260869565216,14.85719647378515,12.000021514339526
hitl_bottleneck_adaptive_hitl_noise0.1_thr0.4_low0.2_cool5_rel0.95_delay0_seed8059,bottleneck,adaptive_hitl,8059,0.1,0.4,0.2,5,0.95,0,"{""separation"": 0.3, ""congestion"": 0.4, ""speed"": 0.15, ""uncertainty"": 0.15}",5,0.8,1.0,0.15,0.12666666666666668,0.0,0.0,0.86,0.8527131782945736,0.0,0.86,16.60946091792277,31.211919090720112,0.6363425411594411,0.8863403595105006,0.24599999999991762,1.0,1.0,1.0,1.0,0.0532665339958647,0.02170327544676225,0.9681778128260006,0.64,129,21,21,0,124,124,0.8266666666666667,1.0,0.9500000000000002,0.08527131782945736,0.9534883720930233,0.1386861313868613,18.183839980561178,6.639563589849902
hitl_bottleneck_adaptive_hitl_noise0.1_thr0.4_low0.2_cool5_rel0.95_delay0_seed9059,bottleneck,adaptive_hitl,9059,0.1,0.4,0.2,5,0.95,0,"{""separation"": 0.3, ""congestion"": 0.4, ""speed"": 0.15, ""uncertainty"": 0.15}",5,0.8,1.0,0.15,0.08,0.006666666666666667,0.86,0.9133333333333333,0.9124087591240876,0.0,0.9133333333333333,13.323296265426208,37.29356858005162,0.5359288677573204,0.9658132922057409,0.6768873933861665,1.0,1.0,1.0,1.0,0.5448324342963341,0.3311038063199927,0.7500125297105141,0.64,137,13,13,0,136,136,0.9066666666666666,1.0,0.9500000000000002,0.051094890510948905,0.9635036496350365,0.07692307692307693,14.067435695830373,1.4191847761821195
hitl_bottleneck_adaptive_hitl_noise0.1_thr0.4_low0.2_cool5_rel0.95_delay0_seed10059,bottleneck,adaptive_hitl,10059,0.1,0.4,0.2,5,0.95,0,"{""separation"": 0.3, ""congestion"": 0.4, ""speed"": 0.15, ""uncertainty"": 0.15}",5,0.8,1.0,0.15,0.09333333333333334,0.0,0.0,0.7866666666666666,0.8813559322033898,0.0,0.7866666666666666,15.356063606884893,32.042028405964054,0.5429744875679413,0.8342942749633296,0.24599999999991468,0.654024888097238,1.0,1.0,1.0,0.05709478766209447,0.02920209774758412,0.9823452054498792,0.64,118,32,32,0,112,112,0.7466666666666667,1.0,0.9500000000000002,0.09322033898305085,0.9322033898305084,0.10687022900763359,17.36157288487365,4.673173538768175
hitl_bottleneck_adaptive_hitl_noise0.1_thr0.4_low0.2_cool5_rel0.95_delay0_seed11059,bottleneck,adaptive_hitl,11059,0.1,0.4,0.2,5,0.95,0,"{""separation"": 0.3, ""congestion"": 0.4, ""speed"": 0.15, ""uncertainty"": 0.15}",5,0.8,1.0,0.15,0.04,0.0,0.04666666666666667,0.7666666666666667,0.9478260869565217,0.0,0.7666666666666667,15.760192335591666,35.24475791043915,0.49051139891768497,0.8130839818818353,0.2459999999999096,0.5990471166862477,1.0,1.0,1.0,0.043682347835475685,0.035327910651426084,0.9842165091325641,0.6384988009061447,115,35,35,0,109,109,0.7266666666666667,1.0,0.9500000000000002,0.08695652173913043,0.9304347826086956,0.0390625,18.561129094821908,12.166421728086618
hitl_bottleneck_adaptive_hitl_noise0.1_thr0.4_low0.2_cool5_rel0.95_delay0_seed12059,bottleneck,adaptive_hitl,12059,0.1,0.4,0.2,5,0.95,0,"{""separation"": 0.3, ""congestion"": 0.4, ""speed"": 0.15, ""uncertainty"": 0.15}",5,0.8,1.0,0.15,0.04666666666666667,0.02,1.4133333333333333,0.9266666666666666,0.9496402877697842,0.0,0.9266666666666666,7.622596674997335,30.145458512238513,0.6648022114920119,0.9603552841281837,0.5181232013170051,1.0,1.0,1.0,1.0,0.7273465811652134,0.6486282114686982,0.6217364051614175,0.6374310093181734,139,11,11,0,138,138,0.92,1.0,0.9500000000000002,0.05755395683453238,0.9712230215827338,0.04895104895104895,7.950731224437442,0.7024283306293665
hitl_bottleneck_adaptive_hitl_noise0.1_thr0.4_low0.2_cool5_rel0.95_delay0_seed13059,bottleneck,adaptive_hitl,13059,0.1,0.4,0.2,5,0.95,0,"{""separation"": 0.3, ""congestion"": 0.4, ""speed"": 0.15, ""uncertainty"": 0.15}",5,0.8,1.0,0.15,0.08,0.0,0.16,0.8133333333333334,0.9016393442622951,0.0,0.8133333333333334,7.459305042104807,26.123915585718922,0.5311436237146457,0.8671154090394652,0.2171137948960993,1.0,1.0,1.0,1.0,0.23045298105127912,0.1303234098473034,0.66206789588254,0.6390636506498047,122,16,16,0,119,119,0.7933333333333333,0.92,0.9500000000000002,0.09016393442622951,0.9590163934426229,0.09375,8.466734747396284,4.842389207137174
hitl_bottleneck_adaptive_hitl_noise0.1_thr0.4_low0.2_cool5_rel0.95_delay0_seed14059,bottleneck,adaptive_hitl,14059,0.1,0.4,0.2,5,0.95,0,"{""separation"": 0.3, ""congestion"": 0.4, ""speed"": 0.15, ""uncertainty"": 0.15}",5,0.8,1.0,0.15,0.06666666666666667,0.0,0.04,0.8,0.9166666666666666,0.0,0.8,15.04110992884339,32.726613992224905,0.5362336050408582,0.8306685628567737,0.21599999999994005,1.0,1.0,1.0,1.0,0.025961797914708103,0.030591219479687924,0.969573256719651,0.64,120,30,30,0,114,114,0.76,1.0,0.9500000000000002,0.08333333333333333,0.9416666666666667,0.07633587786259542,16.95841575255613,8.150978704098549
hitl_bottleneck_adaptive_hitl_noise0.1_thr0.4_low0.2_cool5_rel0.95_delay0_seed15059,bottleneck,adaptive_hitl,15059,0.1,0.4,0.2,5,0.95,0,"{""separation"": 0.3, ""congestion"": 0.4, ""speed"": 0.15, ""uncertainty"": 0.15}",5,0.8,1.0,0.15,0.02,0.0,0.42,0.8133333333333334,0.9754098360655737,0.0,0.8133333333333334,14.846132690185208,28.149931101055337,0.5399274663068354,0.8669115403070242,0.25153337651432917,1.0,1.0,1.0,1.0,0.4261068849375591,0.2298238789521198,0.9388226261121319,0.6391543954025022,122,26,26,0,117,117,0.78,0.96,0.9500000000000002,0.09016393442622951,0.9426229508196722,0.022727272727272728,17.407934804328864,1.8371922149248803
hitl_bottleneck_adaptive_hitl_noise0.1_thr0.4_low0.2_cool5_rel0.95_delay0_seed16059,bottleneck,adaptive_hitl,16059,0.1,0.4,0.2,5,0.95,0,"{""separation"": 0.3, ""congestion"": 0.4, ""speed"": 0.15, ""uncertainty"": 0.15}",5,0.8,1.0,0.15,0.03333333333333333,0.0,0.09333333333333334,0.7933333333333333,0.957983193277311,0.0,0.7933333333333333,7.485746032875972,25.346587124534206,0.4737380302200715,0.8259220660862309,0.21599999999987224,1.0,1.0,1.0,1.0,0.07342993108847241,0.0629798354068532,0.7976700190095695,0.632761148942908,119,31,31,0,114,114,0.76,1.0,0.9500000000000002,0.12605042016806722,0.9327731092436975,0.03816793893129771,8.493603840958748,8.02334168159487
hitl_bottleneck_adaptive_hitl_noise0.1_thr0.4_low0.2_cool5_rel0.95_delay0_seed17059,bottleneck,adaptive_hitl,17059,0.1,0.4,0.2,5,0.95,0,"{""separation"": 0.3, ""congestion"": 0.4, ""speed"": 0.15, ""uncertainty"": 0.15}",5,0.8,1.0,0.15,0.04,0.0,0.06,0.72,0.9444444444444444,0.0,0.72,6.456046980059731,16.316086551026107,0.4788447575022777,0.7737590140223595,0.21599999999988206,0.4543418761958672,1.0,1.0,1.0,0.06416226456591545,0.04573296151193967,0.8866852953584392,0.6334924921537425,108,42,42,0,100,100,0.6666666666666666,1.0,0.9500000000000002,0.1111111111111111,0.9074074074074074,0.048,7.961561051811276,7.994220205335902
hitl_bottleneck_adaptive_hitl_noise0.1_thr0.4_low0.2_cool5_rel0.95_delay0_seed18059,bottleneck,adaptive_hitl,18059,0.1,0.4,0.2,5,0.95,0,"{""separation"": 0.3, ""congestion"": 0.4, ""speed"": 0.15, ""uncertainty"": 0.15}",5,0.8,1.0,0.15,0.013333333333333334,0.0,0.12666666666666668,0.7733333333333333,0.9827586206896551,0.0,0.7733333333333333,8.487799827864352,26.105178060388486,0.4892047300624351,0.8328664856742204,0.24049825856926813,1.0,1.0,1.0,1.0,0.053767388296564016,0.061314585241505015,0.9348983085516761,0.6353315687213058,116,10,10,0,115,115,0.7666666666666667,0.8133333333333334,0.9500000000000002,0.04310344827586207,0.9741379310344828,0.01680672268907563,9.790029430554245,12.554993799207852
hitl_bottleneck_adaptive_hitl_noise0.1_thr0.4_low0.2_cool5_rel0.95_delay0_seed19059,bottleneck,adaptive_hitl,19059,0.1,0.4,0.2,5,0.95,0,"{""separation"": 0.3, ""congestion"": 0.4, ""speed"": 0.15, ""uncertainty"": 0.15}",5,0.8,1.0,0.15,0.05333333333333334,0.0,0.09333333333333334,0.7533333333333333,0.9292035398230089,0.0,0.7533333333333333,9.585004130578906,42.582976861729065,0.4802511042604844,0.8477871561293542,0.3377715184800566,0.5806823563320114,1.0,1.0,1.0,0.263203459834989,0.08594439976056237,0.9259334524926666,0.6397480568536729,113,37,37,0,110,110,0.7333333333333333,1.0,0.9500000000000002,0.13274336283185842,0.8672566371681416,0.06015037593984962,11.331440827079685,2.374962446604615
hitl_bottleneck_adaptive_hitl_noise0.1_thr0.4_low0.2_cool5_rel0.95_delay0_seed20059,bottleneck,adaptive_hitl,20059,0.1,0.4,0.2,5,0.95,0,"{""separation"": 0.3, ""congestion"": 0.4, ""speed"": 0.15, ""uncertainty"": 0.15}",5,0.8,1.0,0.15,0.04666666666666667,0.0,0.03333333333333333,0.7866666666666666,0.940677966101695,0.0,0.7866666666666666,9.070078295834502,23.170525501250104,0.4939022450707853,0.81972489472643,0.23198626035900483,0.6086651114738043,1.0,1.0,1.0,0.06865943916173024,0.05215000448216785,0.8230385908970389,0.6389644975348836,118,32,32,0,112,110,0.7333333333333333,1.0,0.9500000000000002,0.11864406779661017,0.9152542372881356,0.05223880597014925,10.457798468383176,3.8846223179452584
hitl_bottleneck_adaptive_hitl_noise0.1_thr0.4_low0.2_cool5_rel0.95_delay0_seed21059,bottleneck,adaptive_hitl,21059,0.1,0.4,0.2,5,0.95,0,"{""separation"": 0.3, ""congestion"": 0.4, ""speed"": 0.15, ""uncertainty"": 0.15}",5,0.8,1.0,0.15,0.12,0.006666666666666667,0.04,0.8,0.85,0.0,0.8,10.248506060258427,22.949361509056963,0.5849455646239221,0.8502975407131524,0.2459999999998878,1.0,1.0,1.0,1.0,0.07777989302084888,0.04573793271901295,0.8993262582297235,0.64,120,30,30,0,115,115,0.7666666666666667,1.0,0.9500000000000002,0.1,0.9333333333333333,0.12878787878787878,11.131619480116763,4.913563857588776
hitl_bottleneck_adaptive_hitl_noise0.1_thr0.4_low0.2_cool5_rel0.95_delay0_seed22059,bottleneck,adaptive_hitl,22059,0.1,0.4,0.2,5,0.95,0,"{""separation"": 0.3, ""congestion"": 0.4, ""speed"": 0.15, ""uncertainty"": 0.15}",5,0.8,1.0,0.15,0.07333333333333333,0.0,0.02,0.7933333333333333,0.907563025210084,0.0,0.7933333333333333,22.61876924693173,64.02803378898733,0.5283897292489806,0.8249633284534373,0.24599999999993272,1.0,1.0,1.0,1.0,0.09162130693600226,0.05828993339082292,0.9979192068990114,0.6385798749626165,119,31,31,0,113,113,0.7533333333333333,1.0,0.9500000000000002,0.09243697478991597,0.9327731092436975,0.08396946564885496,25.976326609538106,3.74931799183844
hitl_bottleneck_adaptive_hitl_noise0.1_thr0.4_low0.2_cool5_rel0.95_delay0_seed23059,bottleneck,adaptive_hitl,23059,0.1,0.4,0.2,5,0.95,0,"{""separation"": 0.3, ""congestion"": 0.4, ""speed"": 0.15, ""uncertainty"": 0.15}",5,0.8,1.0,0.15,0.05333333333333334,0.0,0.07333333333333333,0.82,0.9349593495934959,0.0,0.82,9.94303419782037,18.95107442053002,0.49032606339703005,0.8797220056884378,0.2886759911003879,1.0,1.0,1.0,1.0,0.1230400120414457,0.05977732398379158,0.7988081044992241,0.64,123,27,27,0,121,121,0.8066666666666666,1.0,0.9500000000000002,0.08130081300813008,0.926829268292683,0.057971014492753624,10.974079412818936,6.042705871869323
hitl_bottleneck_adaptive_hitl_noise0.1_thr0.4_low0.2_cool5_rel0.95_delay0_seed24059,bottleneck,adaptive_hitl,24059,0.1,0.4,0.2,5,0.95,0,"{""separation"": 0.3, ""congestion"": 0.4, ""speed"": 0.15, ""uncertainty"": 0.15}",5,0.8,1.0,0.15,0.08666666666666667,0.006666666666666667,0.5133333333333333,0.78,0.8888888888888888,0.0,0.78,16.181054394976606,48.76919094484811,0.662461641865472,0.843277422351095,0.30544083028870167,0.5276558930439383,1.0,1.0,1.0,0.5580225217319162,0.305701976841795,0.9660571133242357,0.6342481109983557,117,33,33,0,111,111,0.74,1.0,0.9500000000000002,0.09401709401709402,0.9316239316239316,0.09230769230769231,19.423851960660915,1.360875623628709
hitl_bottleneck_adaptive_hitl_noise0.1_thr0.4_low0.2_cool5_rel0.95_delay0_seed25059,bottleneck,adaptive_hitl,25059,0.1,0.4,0.2,5,0.95,0,"{""separation"": 0.3, ""congestion"": 0.4, ""speed"": 0.15, ""uncertainty"": 0.15}",5,0.8,1.0,0.15,0.08666666666666667,0.0,0.05333333333333334,0.78,0.8888888888888888,0.0,0.78,13.413672350137876,30.907166380624716,0.5774000318100055,0.8408459724533341,0.284267040916232,0.6051996765593044,1.0,1.0,1.0,0.09124513257137301,0.07891576479405495,0.968971072904706,0.6212555325310132,117,33,33,0,111,111,0.74,1.0,0.9500000000000002,0.08547008547008547,0.9316239316239316,0.1,15.525115176915067,2.7920085817054123
hitl_bottleneck_adaptive_hitl_noise0.1_thr0.4_low0.2_cool5_rel0.95_delay0_seed26059,bottleneck,adaptive_hitl,26059,0.1,0.4,0.2,5,0.95,0,"{""separation"": 0.3, ""congestion"": 0.4, ""speed"": 0.15, ""uncertainty"": 0.15}",5,0.8,1.0,0.15,0.11333333333333333,0.0,0.26,0.8266666666666667,0.8629032258064516,0.0,0.8266666666666667,8.113420019657987,21.5916159364329,0.6160652552110454,0.8875328676022355,0.37308743105756803,1.0,1.0,1.0,1.0,0.38269689784156957,0.22008933117245902,0.848336132580426,0.6293665706822452,124,26,26,0,119,119,0.7933333333333333,1.0,0.9500000000000002,0.08870967741935484,0.9435483870967742,0.12686567164179105,9.196717936173084,1.9460912130569357
hitl_bottleneck_adaptive_hitl_noise0.1_thr0.4_low0.2_cool5_rel0.95_delay0_seed27059,bottleneck,adaptive_hitl,27059,0.1,0.4,0.2,5,0.95,0,"{""separation"": 0.3, ""congestion"": 0.4, ""speed"": 0.15, ""uncertainty"": 0.15}",5,0.8,1.0,0.15,0.09333333333333334,0.0,0.18,0.7866666666666666,0.8813559322033898,0.0,0.7866666666666666,15.348332199521996,37.19605675613401,0.5779561392652491,0.8818522763312423,0.46217621836947476,0.6394367075772472,1.0,1.0,1.0,0.20241081081945153,0.12451532788620365,0.9974540238786361,0.64,118,32,32,0,111,111,0.74,1.0,0.9500000000000002,0.09322033898305085,0.9322033898305084,0.10687022900763359,17.536786582083444,5.293819609532651
hitl_bottleneck_adaptive_hitl_noise0.1_thr0.4_low0.2_cool5_rel0.95_delay0_seed28059,bottleneck,adaptive_hitl,28059,0.1,0.4,0.2,5,0.95,0,"{""separation"": 0.3, ""congestion"": 0.4, ""speed"": 0.15, ""uncertainty"": 0.15}",5,0.8,1.0,0.15,0.04666666666666667,0.0,0.03333333333333333,0.7333333333333333,0.9363636363636364,0.0,0.7333333333333333,14.602687943167941,39.11535727602966,0.4869800480082631,0.7989216313896874,0.24023753203805387,0.46428599153438477,1.0,1.0,1.0,0.020631304056139346,0.026217962684927546,0.9620342971225356,0.6337327368696979,110,10,10,0,108,108,0.72,0.7866666666666666,0.9500000000000002,0.05454545454545454,0.9727272727272728,0.061946902654867256,17.598805540765877,9.807320413619927
hitl_bottleneck_adaptive_hitl_noise0.1_thr0.4_low0.2_cool5_rel0.95_delay0_seed29059,bottleneck,adaptive_hitl,29059,0.1,0.4,0.2,5,0.95,0,"{""separation"": 0.3, ""congestion"": 0.4, ""speed"": 0.15, ""uncertainty"": 0.15}",5,0.8,1.0,0.15,0.12,0.0,0.46,0.8666666666666667,0.8615384615384616,0.0,0.8666666666666667,7.636350932626311,22.15501896245047,0.6701847608201206,0.9194771114552494,0.4315640357176816,1.0,1.0,1.0,1.0,0.3842037169070367,0.23446236932031955,0.8378623864566201,0.6290518403920841,130,20,20,0,128,128,0.8533333333333334,1.0,0.9500000000000002,0.09230769230769231,0.9230769230769231,0.1267605633802817,8.432584757333053,2.972179437076647
hitl_bottleneck_adaptive_hitl_noise0.1_thr0.4_low0.2_cool5_rel0.95_delay0_seed30059,bottleneck,adaptive_hitl,30059,0.1,0.4,0.2,5,0.95,0,"{""separation"": 0.3, ""congestion"": 0.4, ""speed"": 0.15, ""uncertainty"": 0.15}",5,0.8,1.0,0.15,0.06,0.006666666666666667,0.26666666666666666,0.7933333333333333,0.9243697478991597,0.0,0.7933333333333333,10.81558828912411,38.980682377725856,0.5464558210223913,0.8519734423505123,0.32210480969346356,1.0,1.0,1.0,1.0,0.18385411154781636,0.13446470194846866,0.5517741858634212,0.6201994561760457,119,31,31,0,113,113,0.7533333333333333,1.0,0.9500000000000002,0.08403361344537816,0.9327731092436975,0.061068702290076333,12.314243372315554,4.147728168954993
hitl_bottleneck_adaptive_hitl_noise0.1_thr0.4_low0.2_cool5_rel0.95_delay0_seed31059,bottleneck,adaptive_hitl,31059,0.1,0.4,0.2,5,0.95,0,"{""separation"": 0.3, ""congestion"": 0.4, ""speed"": 0.15, ""uncertainty"": 0.15}",5,0.8,1.0,0.15,0.09333333333333334,0.0,0.38,0.88,0.8939393939393939,0.0,0.88,9.66178075410709,20.060719811606816,0.5953083878072599,0.9075222545321806,0.24599999999991637,1.0,1.0,1.0,1.0,0.36767811562626007,0.2218244344931398,0.9318709319431329,0.6322011459873624,132,18,18,0,129,129,0.86,1.0,0.9500000000000002,0.06060606060606061,0.9545454545454546,0.1,10.123586020359378,1.9906101669180385
hitl_bottleneck_adaptive_hitl_noise0.1_thr0.4_low0.2_cool5_rel0.95_delay0_seed32059,bottleneck,adaptive_hitl,32059,0.1,0.4,0.2,5,0.95,0,"{""separation"": 0.3, ""congestion"": 0.4, ""speed"": 0.15, ""uncertainty"": 0.15}",5,0.8,1.0,0.15,0.02666666666666667,0.0,0.7133333333333334,0.78,0.9658119658119658,0.0,0.78,11.996128386132158,27.948257924339345,0.6272252757723132,0.8162884268681684,0.24599999999987462,0.5875163146304396,1.0,1.0,1.0,0.5558295703012232,0.32749978255664736,0.8850557770424533,0.6321701213154951,117,33,33,0,111,111,0.74,1.0,0.9500000000000002,0.08547008547008547,0.9316239316239316,0.03076923076923077,13.74351953764471,0.9541995883276718
hitl_bottleneck_adaptive_hitl_noise0.1_thr0.4_low0.2_cool5_rel0.95_delay0_seed33059,bottleneck,adaptive_hitl,33059,0.1,0.4,0.2,5,0.95,0,"{""separation"": 0.3, ""congestion"": 0.4, ""speed"": 0.15, ""uncertainty"": 0.15}",5,0.8,1.0,0.15,0.02,0.006666666666666667,0.08666666666666667,0.84,0.9761904761904762,0.0,0.84,10.368776047407826,32.48343527992207,0.465897199853013,0.8860852985586032,0.2309396783572188,1.0,1.0,1.0,1.0,0.10574279433182625,0.05540232044684129,0.8119042456488655,0.6372968967987811,126,19,19,0,124,124,0.8266666666666667,0.94,0.9500000000000002,0.07936507936507936,0.9603174603174603,0.022556390977443608,11.610624840743496,8.510629516333589
hitl_bottleneck_adaptive_hitl_noise0.1_thr0.4_low0.2_cool5_rel0.95_delay0_seed34059,bottleneck,adaptive_hitl,34059,0.1,0.4,0.2,5,0.95,0,"{""separation"": 0.3, ""congestion"": 0.4, ""speed"": 0.15, ""uncertainty"": 0.15}",5,0.8,1.0,0.15,0.0,0.0,0.02666666666666667,0.7933333333333333,1.0,0.0,0.7933333333333333,12.691955243690678,34.398036270615776,0.45128856242323917,0.8318260979114758,0.24599999999981143,0.7114641486707172,1.0,1.0,1.0,0.04817425226529435,0.034052886365943516,0.9816414261083571,0.6399164786837332,119,31,31,0,112,112,0.7466666666666667,1.0,0.9500000000000002,0.10084033613445378,0.9327731092436975,0.0,14.663367550396021,4.402604654506788
hitl_bottleneck_adaptive_hitl_noise0.1_thr0.4_low0.2_cool5_rel0.95_delay0_seed35059,bottleneck,adaptive_hitl,35059,0.1,0.4,0.2,5,0.95,0,"{""separation"": 0.3, ""congestion"": 0.4, ""speed"": 0.15, ""uncertainty"": 0.15}",5,0.8,1.0,0.15,0.08666666666666667,0.02,0.6066666666666667,0.78,0.8888888888888888,0.0,0.78,11.409496957469436,19.1839665864291,0.7076905652259787,0.8184430874482257,0.24599999999987543,0.6818524289069939,1.0,1.0,1.0,0.528162509185329,0.30308153246823155,0.9703992901129197,0.6360226347329069,117,33,33,0,111,111,0.74,1.0,0.9500000000000002,0.08547008547008547,0.9316239316239316,0.09230769230769231,13.254434282455138,1.0105817046321106
hitl_bottleneck_adaptive_hitl_noise0.1_thr0.4_low0.2_cool5_rel0.95_delay0_seed36059,bottleneck,adaptive_hitl,36059,0.1,0.4,0.2,5,0.95,0,"{""separation"": 0.3, ""congestion"": 0.4, ""speed"": 0.15, ""uncertainty"": 0.15}",5,0.8,1.0,0.15,0.08,0.0,0.17333333333333334,0.82,0.9024390243902439,0.0,0.82,9.864539823650572,25.28101267523682,0.5991638793299595,0.8601455924438198,0.21599999999992153,1.0,1.0,1.0,1.0,0.2290856655068695,0.11162188605926972,0.933794086997315,0.6390748144865775,123,19,19,0,119,119,0.7933333333333333,0.9466666666666667,0.9500000000000002,0.08130081300813008,0.943089430894309,0.09090909090909091,10.915235254074277,3.3223720086882533
hitl_bottleneck_adaptive_hitl_noise0.1_thr0.4_low0.2_cool5_rel0.95_delay0_seed37059,bottleneck,adaptive_hitl,37059,0.1,0.4,0.2,5,0.95,0,"{""separation"": 0.3, ""congestion"": 0.4, ""speed"": 0.15, ""uncertainty"": 0.15}",5,0.8,1.0,0.15,0.06,0.0,0.6666666666666666,0.9,0.9333333333333333,0.0,0.9,6.6431161558330905,20.869198187210003,0.6272934066752592,0.9412613001119722,0.5131621535476091,1.0,1.0,1.0,1.0,0.5668757465857052,0.3102384033304379,0.7974220245596886,0.6343976633185245,135,15,15,0,132,132,0.88,1.0,0.9500000000000002,0.0962962962962963,0.9629629629629629,0.06382978723404255,7.002551619740808,1.1176824640172223
hitl_bottleneck_adaptive_hitl_noise0.1_thr0.4_low0.2_cool5_rel0.95_delay0_seed38059,bottleneck,adaptive_hitl,38059,0.1,0.4,0.2,5,0.95,0,"{""separation"": 0.3, ""congestion"": 0.4, ""speed"": 0.15, ""uncertainty"": 0.15}",5,0.8,1.0,0.15,0.12,0.0,0.68,0.8266666666666667,0.8548387096774194,0.0,0.8266666666666667,3.0048947198834113,12.262819138398195,0.6080524576827884,0.8682454932688642,0.24599999999979313,1.0,1.0,1.0,1.0,0.3296634891429689,0.23966620323970791,0.7696921985381596,0.5727830826883121,124,26,26,0,120,120,0.8,1.0,0.9500000000000002,0.12096774193548387,0.9274193548387096,0.1323529411764706,3.2370665724415333,4.126001430649044
hitl_bottleneck_adaptive_hitl_noise0.1_thr0.4_low0.2_cool5_rel0.95_delay0_seed39059,bottleneck,adaptive_hitl,39059,0.1,0.4,0.2,5,0.95,0,"{""separation"": 0.3, ""congestion"": 0.4, ""speed"": 0.15, ""uncertainty"": 0.15}",5,0.8,1.0,0.15,0.08666666666666667,0.0,0.006666666666666667,0.8,0.8916666666666667,0.0,0.8,10.293736444234803,27.90325424777707,0.5401149787940085,0.846890416899101,0.2459999999998843,1.0,1.0,1.0,1.0,0.05408489063950879,0.0346236740094564,0.9083836515547952,0.64,120,30,30,0,114,114,0.76,1.0,0.9500000000000002,0.09166666666666666,0.9416666666666667,0.09923664122137404,11.3385448155699,6.063671363454091
hitl_bottleneck_adaptive_hitl_noise0.1_thr0.4_low0.2_cool5_rel0.95_delay0_seed40059,bottleneck,adaptive_hitl,40059,0.1,0.4,0.2,5,0.95,0,"{""separation"": 0.3, ""congestion"": 0.4, ""speed"": 0.15, ""uncertainty"": 0.15}",5,0.8,1.0,0.15,0.08,0.0,0.03333333333333333,0.7933333333333333,0.8991596638655462,0.0,0.7933333333333333,13.75538379762438,36.56229379906123,0.5303446917484204,0.8375230329100388,0.21599999999992214,1.0,1.0,1.0,1.0,0.10840538318770906,0.07245848547428248,0.9168871496520576,0.639763100417803,119,15,15,0,117,117,0.78,0.88,0.9500000000000002,0.05042016806722689,0.9663865546218487,0.0967741935483871,15.375370168424602,4.458203671592341
hitl_bottleneck_adaptive_hitl_noise0.1_thr0.4_low0.2_cool5_rel0.95_delay0_seed41059,bottleneck,adaptive_hitl,41059,0.1,0.4,0.2,5,0.95,0,"{""separation"": 0.3, ""congestion"": 0.4, ""speed"": 0.15, ""uncertainty"": 0.15}",5,0.8,1.0,0.15,0.06666666666666667,0.006666666666666667,1.1466666666666667,0.8133333333333334,0.9180327868852459,0.0,0.8133333333333334,2.2979242450313557,6.331034291493356,0.6911802656638125,0.9142301007866694,0.5119966685257901,1.0,1.0,1.0,1.0,0.7178719247686915,0.46653551136463883,0.603895801803367,0.6190906207197382,122,28,28,0,122,122,0.8133333333333334,1.0,0.9500000000000002,0.03278688524590164,0.9016393442622951,0.07194244604316546,2.3269523557359415,0.6593178509223393
hitl_bottleneck_adaptive_hitl_noise0.1_thr0.4_low0.2_cool5_rel0.95_delay0_seed42059,bottleneck,adaptive_hitl,42059,0.1,0.4,0.2,5,0.95,0,"{""separation"": 0.3, ""congestion"": 0.4, ""speed"": 0.15, ""uncertainty"": 0.15}",5,0.8,1.0,0.15,0.04666666666666667,0.0,0.19333333333333333,0.7866666666666666,0.940677966101695,0.0,0.7866666666666666,13.586985352727565,30.132948730316212,0.5490374828999242,0.8645757517988989,0.4298262581741684,0.7314819048999948,1.0,1.0,1.0,0.2420444383379109,0.1484115511045431,0.9697560708362671,0.6358197814168217,118,32,32,0,112,112,0.7466666666666667,1.0,0.9500000000000002,0.09322033898305085,0.923728813559322,0.05343511450381679,15.641637716056,2.838018388568738
hitl_bottleneck_adaptive_hitl_noise0.1_thr0.4_low0.2_cool5_rel0.95_delay0_seed43059,bottleneck,adaptive_hitl,43059,0.1,0.4,0.2,5,0.95,0,"{""separation"": 0.3, ""congestion"": 0.4, ""speed"": 0.15, ""uncertainty"": 0.15}",5,0.8,1.0,0.15,0.07333333333333333,0.0,0.04,0.8266666666666667,0.9112903225806451,0.0,0.8266666666666667,12.002086634315583,25.15978383590296,0.5386797377529243,0.896668698441417,0.4696034152007843,1.0,1.0,1.0,1.0,0.127681562019629,0.07965550472474879,0.9865252330359643,0.64,124,26,26,0,119,119,0.7933333333333333,1.0,0.9500000000000002,0.07258064516129033,0.9435483870967742,0.08208955223880597,13.574151669559573,5.407020861969933
hitl_bottleneck_adaptive_hitl_noise0.1_thr0.4_low0.2_cool5_rel0.95_delay0_seed44059,bottleneck,adaptive_hitl,44059,0.1,0.4,0.2,5,0.95,0,"{""separation"": 0.3, ""congestion"": 0.4, ""speed"": 0.15, ""uncertainty"": 0.15}",5,0.8,1.0,0.15,0.06666666666666667,0.0,0.013333333333333334,0.7933333333333333,0.9159663865546218,0.0,0.7933333333333333,9.726980340854402,20.627448522864558,0.5144816784498593,0.8149850127669154,0.21599999999990252,0.7204079668418675,1.0,1.0,1.0,0.025428178802752804,0.01692820122926814,0.8565947240595858,0.64,119,31,31,0,112,112,0.7466666666666667,1.0,0.9500000000000002,0.09243697478991597,0.9327731092436975,0.07633587786259542,11.29009021698089,12.742183892653838
hitl_bottleneck_adaptive_hitl_noise0.1_thr0.4_low0.2_cool5_rel0.95_delay0_seed45059,bottleneck,adaptive_hitl,45059,0.1,0.4,0.2,5,0.95,0,"{""separation"": 0.3, ""congestion"": 0.4, ""speed"": 0.15, ""uncertainty"": 0.15}",5,0.8,1.0,0.15,0.08,0.0,0.36,0.8133333333333334,0.9016393442622951,0.0,0.8133333333333334,12.396518889734677,28.899188353774914,0.6062541638190547,0.838434786631085,0.24599999999988328,1.0,1.0,1.0,1.0,0.2074914631312566,0.1803920371040678,0.9767563944007325,0.6379323874773102,122,28,28,0,117,117,0.78,1.0,0.9500000000000002,0.08196721311475409,0.9426229508196722,0.09022556390977443,13.718675147066884,5.005191276577316
hitl_bottleneck_adaptive_hitl_noise0.1_thr0.4_low0.2_cool5_rel0.95_delay0_seed46059,bottleneck,adaptive_hitl,46059,0.1,0.4,0.2,5,0.95,0,"{""separation"": 0.3, ""congestion"": 0.4, ""speed"": 0.15, ""uncertainty"": 0.15}",5,0.8,1.0,0.15,0.14,0.013333333333333334,0.9866666666666667,0.9866666666666667,0.8581081081081081,0.0,0.9866666666666667,12.541208133555461,32.3188936703771,0.6671683994742731,0.9947853151749751,1.0,1.0,1.0,1.0,1.0,0.7284371850613819,0.42758557915835543,0.6545942838267377,0.6361609394584515,148,2,2,0,148,148,0.9866666666666667,1.0,0.9500000000000002,0.0,0.9797297297297297,0.14093959731543623,12.641375328862525,0.4797539891878473
hitl_bottleneck_adaptive_hitl_noise0.1_thr0.4_low0.2_cool5_rel0.95_delay0_seed47059,bottleneck,adaptive_hitl,47059,0.1,0.4,0.2,5,0.95,0,"{""separation"": 0.3, ""congestion"": 0.4, ""speed"": 0.15, ""uncertainty"": 0.15}",5,0.8,1.0,0.15,0.06666666666666667,0.0,0.0,0.8133333333333334,0.9180327868852459,0.0,0.8133333333333334,17.213042834303028,34.24757481537767,0.5303658242337406,0.8271829945977055,0.21599999999992975,1.0,1.0,1.0,1.0,0.002040735352967099,0.0053131295825961326,0.9460014329346581,0.6396812588364196,122,28,28,0,116,116,0.7733333333333333,1.0,0.9500000000000002,0.08196721311475409,0.9426229508196722,0.07518796992481203,19.425602821688564,8.473349214216968
hitl_bottleneck_adaptive_hitl_noise0.1_thr0.4_low0.2_cool5_rel0.95_delay0_seed48059,bottleneck,adaptive_hitl,48059,0.1,0.4,0.2,5,0.95,0,"{""separation"": 0.3, ""congestion"": 0.4, ""speed"": 0.15, ""uncertainty"": 0.15}",5,0.8,1.0,0.15,0.04666666666666667,0.0,0.02666666666666667,0.8,0.9416666666666667,0.0,0.8,11.748170216443313,30.649905247179873,0.48110196522126597,0.838334060469101,0.21599999999992345,1.0,1.0,1.0,1.0,0.046229809190205286,0.034445928587720255,0.8366506124187448,0.64,120,30,30,0,115,115,0.7666666666666667,1.0,0.9500000000000002,0.08333333333333333,0.9416666666666667,0.05343511450381679,13.417052644489559,6.022376183374715
hitl_bottleneck_adaptive_hitl_noise0.1_thr0.4_low0.2_cool5_rel0.95_delay0_seed49059,bottleneck,adaptive_hitl,49059,0.1,0.4,0.2,5,0.95,0,"{""separation"": 0.3, ""congestion"": 0.4, ""speed"": 0.15, ""uncertainty"": 0.15}",5,0.8,1.0,0.15,0.02,0.0,0.02,0.7733333333333333,0.9741379310344828,0.0,0.7733333333333333,8.919452073440373,27.8963415598741,0.4524702726242443,0.8202776098496648,0.24187454419296509,0.5583704061496451,1.0,1.0,1.0,0.06603369634589312,0.028160851014318287,0.9187904865688488,0.6379463370092036,116,34,34,0,111,111,0.74,1.0,0.9500000000000002,0.10344827586206896,0.9224137931034483,0.023076923076923078,10.524684875151644,4.179271803220998
